cat.jpg 1 102 13 114 88
cat11.jpg 1 130 17 96 66
cat12.jpg 1 54 14 100 81
cat13.jpg 1 28 7 143 106
cat14.jpg 1 22 10 178 131
cat15.jpg 1 112 19 71 58
cat16.jpg 1 62 16 142 87
cat17.jpg 1 57 17 150 98
cat18.jpg 1 199 26 98 68
cat2.jpg 1 50 12 189 120
cat21.jpg 1 34 21 169 129
cat22.jpg 1 72 11 191 103
cat23.jpg 1 51 19 158 91
cat24.jpg 1 36 25 149 90
cat25.jpg 1 41 5 204 149
cat26.jpg 1 44 12 173 117
cat27.jpg 1 63 15 164 86
cat28.jpg 1 38 11 155 107
cat3.jpg 1 20 16 205 134
cat31.jpg 1 22 39 136 110
cat32.jpg 1 27 10 199 144
cat33.jpg 1 45 23 251 74
cat34.jpg 1 62 12 127 61
cat35.jpg 1 66 28 124 87
cat36.jpg 1 76 52 129 70
cat37.jpg 1 63 12 197 141
cat38.jpg 1 20 8 234 132
cat4.jpg 1 39 23 133 79
cat41.jpg 1 8 11 147 135
cat42.jpg 1 157 19 131 86
cat43.jpg 1 90 28 92 72
cat44.jpg 1 57 12 118 82
cat45.jpg 1 13 6 250 157
cat46.jpg 1 93 20 156 120
cat47.jpg 1 71 13 183 104
cat48.jpg 1 58 11 188 125
cat5.jpg 1 72 24 119 72
cat6.jpg 1 49 3 215 111
cat8.jpg 1 41 4 198 141
cat9.jpg 1 17 35 162 92
ctat.jpg 1 32 23 133 99
